104.57456970214844
309.6687927246094
510.5268859863281
711.9409790039062
109.61604309082031
311.8885498046875
102.11271667480469
304.13555908203125
102.61233520507812
303.5997619628906
150.70901489257812
351.415771484375
105.00071716308594
307.0000305175781
101.50468444824219
304.9521179199219
505.6861267089844
101.3233413696289
303.4893493652344
504.0464782714844
100.9951171875
304.5548095703125
505.70416259765625
203.1069793701172
408.21484375
110.67539978027344
329.3230895996094
548.0330810546875
766.8572387695312
108.9435043334961
327.623291015625
109.09150695800781
327.6072998046875
108.9240951538086
452.5630187988281
327.3912048339844
546.1553955078125
108.8644027709961
327.5265808105469
111.38990020751953
330.14202880859375
111.335693359375
330.0458984375
548.7095336914062
102.8084945678711
304.2665100097656
505.80670166015625
706.6456298828125
100.77350616455078
302.24798583984375
103.2780990600586
304.739990234375
103.30339813232422
304.77252197265625
149.11219787597656
350.5574951171875
101.19110107421875
302.7288818359375
108.60150146484375
327.24029541015625
545.9721069335938
110.37419891357422
329.00531005859375
547.6978149414062
111.19619750976562
329.898681640625
552.2817993164062
111.44430541992188
330.138916015625
548.8154296875
102.92384338378906
305.24981689453125
506.3694763183594
710.095703125
100.85299682617188
302.1419982910156
104.23043060302734
314.5478820800781
102.4827651977539
304.98504638671875
165.3693389892578
367.74072265625
102.91897583007812
303.9563293457031
101.68831634521484
302.7227783203125
503.6110534667969
101.07250213623047
308.98736572265625
514.132080078125
100.68292236328125
305.9163513183594
507.2081298828125
201.3588409423828
404.57049560546875
105.96635437011719
313.46240234375
526.0135498046875
732.5426635742188
102.69487762451172
305.702392578125
100.9990005493164
307.6941223144531
100.59185791015625
301.4931640625
161.88690185546875
363.7278747558594
101.19210052490234
303.0045471191406
101.2583236694336
302.07501220703125
503.85577392578125
100.73491668701172
304.7014465332031
508.64892578125
101.51860046386719
304.0240173339844
505.6076354980469
206.7021026611328
409.0419006347656
104.85295104980469
310.58935546875
517.2803955078125
726.4581909179688
101.54386138916016
303.834716796875
111.2272720336914
313.98272705078125
101.35415649414062
303.6998291015625
159.2202606201172
360.4919738769531
101.25727081298828
304.34063720703125
100.98899841308594
301.8966369628906
506.5607604980469
102.96273040771484
310.52264404296875
515.4404907226562
105.56696319580078
315.2171936035156
519.7744750976562
201.04156494140625
402.1914978027344
145.16867065429688
356.21234130859375
560.1243896484375
767.8546752929688
101.36808013916016
302.8760681152344
101.62113952636719
302.8096618652344
102.5528793334961
612.0632934570312
305.6469421386719
506.5780334472656
105.2650375366211
305.8304748535156
101.15164947509766
303.3525390625
104.72736358642578
305.51904296875
507.6097717285156
106.12884521484375
318.1735534667969
526.1113891601562
730.5684204101562
101.79444122314453
306.3535461425781
100.80897521972656
301.6744079589844
101.26078033447266
303.7307434082031
192.7241973876953
395.5005187988281
101.67256927490234
303.2594299316406
104.40138244628906
315.529052734375
522.5890502929688
729.8463745117188
105.68934631347656
312.2790832519531
517.6925659179688
724.7017822265625
104.49016571044922
307.4429016113281
101.67256927490234
305.755859375
101.63587188720703
302.38238525390625
149.86390686035156
350.8849182128906
100.99488067626953
304.39605712890625
102.10284423828125
303.8094177246094
505.53570556640625
102.70101928710938
308.7054443359375
512.4718627929688
101.01758575439453
302.5646667480469
505.802734375
202.92393493652344
407.0641174316406
505.1242980957031
1510.277099609375
2512.784912109375
3517.322265625
1504.8890380859375
2512.551025390625
503.2516174316406
1507.564453125
