9160.359936
9596.567552
9714.008064
12146.704384
10703.863808
14495.514624
16022.24128
17834.180608
18136.170496
10036.969472
10240.393216
5370.806272
10257.170432
12494.831616
11771.314176
15575.547904
17072.914432
19438.501888
9143.58272
9617.539072
9680.453632
12167.675904
10729.029632
14545.846272
16051.601408
17876.123648
18165.530624
9177.137152
9630.121984
9730.78528
12259.950592
10737.41824
14533.26336
16055.795712
17855.152128
18169.724928
17993.56416
23085.449216
17993.56416
31918.65344
41490.055168
41456.500736
