101.61170959472656
105.02999877929688
117.1467056274414
102.22344207763672
102.61742401123047
102.28167724609375
155.4535675048828
106.583984375
101.55858612060547
101.08129119873047
106.08513641357422
101.67413330078125
102.67030334472656
106.24664306640625
105.80237579345703
105.69048309326172
109.2603988647461
108.20539855957031
123.0656967163086
106.5960922241211
106.50910186767578
106.99310302734375
110.24409484863281
138.9136962890625
107.73070526123047
109.85150146484375
232.94808959960938
106.60769653320312
107.91739654541016
109.84710693359375
107.44990539550781
110.28150177001953
103.17529296875
101.21600341796875
109.67009735107422
109.70600128173828
101.63379669189453
101.76729583740234
100.65889739990234
164.07510375976562
108.54319763183594
104.4115982055664
106.83740234375
107.3207015991211
104.7322006225586
110.40689849853516
101.68138885498047
106.94990539550781
116.65669250488281
102.79667663574219
105.1579818725586
104.92007446289062
165.78985595703125
103.12188720703125
108.451416015625
103.24308013916016
102.05783081054688
102.42865753173828
106.87098693847656
104.61795806884766
105.2879867553711
108.3032455444336
101.54544067382812
113.51075744628906
104.61959075927734
102.50704193115234
103.79332733154297
105.15064239501953
136.63394165039062
102.6943359375
101.14588928222656
101.4647216796875
102.18377685546875
102.98237609863281
145.47386169433594
107.621337890625
103.11831665039062
102.09525299072266
101.2276611328125
103.05806732177734
125.54900360107422
105.9615249633789
102.72809600830078
106.14388275146484
158.70675659179688
102.33865356445312
101.77398681640625
101.5128173828125
103.20747375488281
104.21580505371094
103.79768371582031
103.1600112915039
102.08152770996094
104.97844696044922
104.17562866210938
101.74527740478516
124.59664916992188
102.59615325927734
111.16826629638672
102.99726104736328
104.14185333251953
179.27854919433594
102.309326171875
105.61880493164062
211.91748046875
102.71031951904297
104.0648422241211
102.84406280517578
102.20613098144531
105.4566421508789
101.9294662475586
101.5749282836914
110.24604797363281
106.5028076171875
103.65974426269531
102.1270980834961
105.8423843383789
155.15171813964844
112.40608215332031
104.81368255615234
103.56114959716797
122.70054626464844
105.00826263427734
100.81488800048828
105.51011657714844
106.99830627441406
112.67842864990234
102.60848236083984
102.30619049072266
101.81441497802734
123.71769714355469
102.01673889160156
101.70780944824219
101.43904113769531
102.5228271484375
106.41864013671875
102.258056640625
104.796630859375
104.16986846923828
108.1084213256836
502.4657897949219
518.0299072265625
516.3289184570312
514.2553100585938
502.86541748046875
504.7934265136719
1006.25830078125
506.95953369140625
503.29949951171875
1036.5736083984375
502.9679260253906
504.6693115234375
505.1385192871094
503.1324462890625
1496.999755859375
504.34075927734375
