203.1195068359375
208.32835388183594
219.12290954589844
202.84886169433594
203.8252410888672
203.17054748535156
256.6192932128906
209.24905395507812
205.3769073486328
204.2954559326172
206.91036987304688
202.71434020996094
205.28985595703125
207.23028564453125
206.56402587890625
206.60183715820312
218.37429809570312
217.55690002441406
232.37010192871094
216.0052947998047
215.90199279785156
216.32119750976562
219.57400512695312
248.28579711914062
217.1107940673828
219.15789794921875
341.914306640625
217.34390258789062
219.2484893798828
216.88319396972656
219.5972900390625
212.53610229492188
202.939697265625
211.3719024658203
210.48870849609375
202.38409423828125
210.47821044921875
202.45181274414062
265.7655944824219
217.84410095214844
213.74969482421875
216.1851043701172
216.6359100341797
214.15328979492188
219.72149658203125
202.91578674316406
211.60028076171875
217.63632202148438
203.64537048339844
206.91464233398438
206.8965606689453
267.1106872558594
203.62794494628906
212.46144104003906
204.4706573486328
204.1357421875
203.3000946044922
214.22817993164062
205.16690063476562
209.18557739257812
209.0370330810547
206.74810791015625
215.0878448486328
206.7207489013672
203.34165954589844
207.89511108398438
207.3738555908203
237.35507202148438
203.5450897216797
203.2166290283203
202.137939453125
202.66212463378906
203.4695587158203
250.94956970214844
209.02191162109375
207.1199188232422
203.708984375
202.66683959960938
206.24063110351562
227.37258911132812
208.73936462402344
203.4595489501953
207.98805236816406
260.4037170410156
203.4187469482422
202.54104614257812
202.19410705566406
207.6222381591797
205.24732971191406
206.21022033691406
205.74343872070312
202.6761016845703
207.1660919189453
209.6991424560547
203.24267578125
227.26853942871094
203.18724060058594
216.95201110839844
204.36572265625
208.4762420654297
281.04443359375
205.25408935546875
209.76779174804688
313.0466613769531
210.2809600830078
205.1589813232422
206.34242248535156
209.802490234375
204.89491271972656
208.28192138671875
213.67807006835938
207.6239776611328
217.53182983398438
202.83340454101562
207.14224243164062
256.2734680175781
206.48855590820312
204.81016540527344
225.1970672607422
206.40576171875
201.5140838623047
208.3521270751953
212.4678192138672
217.00265502929688
203.54226684570312
203.2994842529297
202.67420959472656
224.83938598632812
203.70669555664062
203.25970458984375
202.22265625
203.04052734375
209.70628356933594
207.17042541503906
206.629638671875
204.84825134277344
212.65460205078125
1004.4699096679688
1020.99462890625
1017.4852294921875
1017.1251220703125
1005.1258544921875
1007.239013671875
1508.8936767578125
1005.7062377929688
1537.3760986328125
1005.6322021484375
1007.9226684570312
1008.7109375
2014.5252685546875
1008.640869140625
